30 7 1 4 5 6 0 2 3
95 0 1 2 3 4 6 5 7
86 1 0 2 4 6 3 5 7
50 0 6 4 7 3 5 1 2
78 1 0 2 3 4 5 6 7
114 0 1 2 3 4 5 7 6
50 2 0 5 7 6 3 1 4
44 4 0 1 2 3 5 6 7
44 0 1 4 2 3 6 7 5
50 1 2 3 5 0 4 6 7
77 0 2 1 3 4 5 6 7
46 1 0 2 3 4 5 6 7
30 2 1 3 5 4 0 6 7
174 0 1 2 3 4 5 6 7
92 1 0 3 4 5 2 6 7
42 3 4 1 6 5 0 7 2
57 0 4 1 2 3 5 7 6
104 1 0 2 4 3 7 5 6
50 6 1 4 3 5 7 0 2
96 0 1 2 3 4 5 6 7
59 0 1 2 4 6 3 5 7
50 5 2 3 4 6 7 0 1
120 1 0 2 3 4 5 7 6
53 0 2 3 1 4 5 7 6
30 4 2 0 6 7 1 3 5
150 0 1 2 3 4 6 5 7
42 0 1 2 3 5 4 7 6
32 0 5 1 2 4 7 3 6
31 0 5 2 3 4 6 7 1
114 0 1 2 3 4 5 6 7
